Zip_code, Vehicle_count_2012_2013
14220,15893402
10004,10424060
11205,4951063
10026,8477407
10037,30136206
10455,3567280
10309,5149164
10040,15850273
11106,3660848
10305,53658324
10303,5001502
11430,3289500
10301,22011141
10475,7046109
10035,45352702
11203,10926988
10457,28818213
11418,19396354
11207,15605388
11209,13940170
10459,4338485
11223,6294641
11232,6344349
11221,12392643
13207,3717135
11355,3738334
11229,23680745
10002,6896985
10453,7209122
11366,7528569
10031,16283025
11364,10214994
11362,4448866
11726,7161607
10462,9360455
10473,6462771
11236,6820961
10468,1868436
11937,13270574
11423,13030806
11414,30082112
10017,44501818
11427,5646244
12110,5102380
10460,20199723
11225,6978857
10312,5712034
10314,20626627
11412,9906512
11212,11480355
12204,6614819
10019,19802790
11216,55309653
11214,8529308
11230,7302690
10011,17003791
11218,17651457
10022,41597555
11234,7057805
12206,16799842
10033,13177006
11238,9416742
11001,7601669
11379,3137452
10466,3867721
11416,8636765
11102,20660984
11377,6149903
11357,5986159
10451,17762569
11210,8962791
10013,21955585
11375,8339248
12208,11454039
11432,31405953
10039,10785174
10471,22520648
11436,3760264
11434,38850457
11228,9744230
10005,12912384
12601,10255930
10007,33333600
10003,11829042
10001,25249471
10016,22266260
10308,11663836
10306,92902059
11233,8261762
10454,19245037
10009,24979001
11415,26890566
10474,38346067
12041,5043900
10128,60739521
11204,15098074
10029,47262805
10470,4506615
11208,47601258
10458,8204744
11222,13855374
12603,1868436
10021,16435804
10467,4068015
10010,46489407
11385,12329777
10036,53002617
10977,4201057
11367,5232498
10463,24350341
12401,25048446
11413,3319471
11361,6361893
11428,3923277
11217,16051298
11219,4007342
11691,4133074
10025,13723794
11420,10299790
10032,8956943
11226,12648493
11426,3885996
12205,8320242
10014,18583482
10304,11897756
10452,10504470
12203,1154980
11251,34480539
11727,2488324
11231,1619896
10302,2223702
11239,9875810
11211,10010314
10038,5280744
10469,15022781
11215,24055017
10012,13215749
10018,10774940
10115,17132447
11206,4905010
11235,8620683
11237,10928450
11411,29216608
10030,2214199
11358,8652847
11378,10738390
10461,3597982
11417,4138922
11374,2236860
10034,5102380
11101,15925566
10465,16205539
11354,2388908
11220,7001518
11422,55505561
10023,17642685
12209,6693767
11419,19693140
11224,4211291
11433,12225244
11435,12438696
10027,12636066
10456,6267594
