12305,13299,6
11207,13299,6
10580,13299,6
12307,23819,6
12209,23819,6
12305,23819,6
10010,76732,4
10037,38366,2
10023,89154,6
10022,44577,3
10010,463870,4
10035,231935,2
11434,32686,10
11581,16343,5
10580,64936,6
11224,32468,3
10011,43790,3
10014,87580,6
10027,33604,5
10037,33604,5
10011,33604,5
11223,39294,6
11360,39294,6
11377,39294,6
10451,11030,5
10455,11030,5
10474,11030,5
11429,331081,9
10463,331081,9
11434,331081,9
11423,34724,6
11377,34724,6
11365,34724,6
10025,100472,4
10040,50236,2
10039,15337,6
10468,15337,6
10983,15337,6
10468,12022,3
11772,12022,3
10528,12022,3
10009,83379,5
11223,83379,5
10037,83379,5
10306,117826,12
12553,58913,6
10025,15936,3
12305,15936,3
11746,15936,3
10040,55587,5
10030,55587,5
10032,55587,5
10021,232568,6
10037,116284,3
10026,54418,12
11722,27209,6
10025,24411,7
14304,24411,7
11702,24411,7
11224,20592,6
11746,20592,6
11223,20592,6
12603,4498,6
10461,4498,6
10006,4498,6
11706,135102,10
11726,135102,10
11208,135102,10
11949,10166,2
14206,10166,2
10983,10166,2
11413,41659,7
11423,41659,7
11411,41659,7
11040,21250,6
11746,21250,6
11377,21250,6
10301,32672,4
11729,32672,4
10306,32672,4
14304,33950,10
10011,16975,5
11224,71212,12
11746,35606,6
10032,90248,10
10040,45124,5
10037,180751,6
10016,180751,6
11208,180751,6
10604,104915,2
10301,104915,2
10454,104915,2
11377,103532,6
11204,103532,6
10037,103532,6
10009,43655,6
11223,43655,6
14904,43655,6
10026,80872,10
10040,40436,5
11704,20292,5
10528,20292,5
11701,20292,5
11412,1898,14
11422,949,7
11235,65930,12
11223,32965,6
10017,367072,6
10035,183536,3
10029,52522,2
11236,52522,2
10035,52522,2
11710,65041,6
10457,65041,6
10465,65041,6
11235,62485,2
10009,62485,2
10025,62485,2
11949,8925,2
10037,17850,4
11412,2190,6
11365,2190,6
11378,2190,6
11207,45765,5
11742,45765,5
11208,45765,5
14304,59555,6
11209,59555,6
10016,59555,6
11772,2148,3
11101,2148,3
11801,2148,3
10025,128055,6
10013,256110,12
10032,40311,5
10039,40311,5
10040,40311,5
11418,34659,3
11415,34659,3
10037,34659,3
11214,1557,3
11360,1557,3
11223,1557,3
10472,153662,12
14527,76831,6
10036,162712,4
10011,81356,2
10039,31989,5
10451,63978,10
10003,49640,6
11021,49640,6
14904,49640,6
10312,29580,9
11360,52073,7
11214,52073,7
11224,52073,7
10025,67822,2
11229,67822,2
10035,67822,2
10306,15516,5
11746,15516,5
11704,15516,5
11377,21379,3
11378,21379,3
11554,21379,3
10022,62956,5
11234,62956,5
11223,62956,5
10001,135048,4
10011,67524,2
12816,84180,6
10040,84180,6
10025,84180,6
10019,74120,6
11360,74120,6
11223,74120,6
11362,36726,12
11374,18363,6
10458,54390,12
10528,27195,6
12180,31047,6
11232,31047,6
10035,31047,6
11374,113884,8
11368,113884,8
11208,113884,8
10013,54015,3
10007,54015,3
11557,54015,3
10472,21782,5
10469,21782,5
11755,21782,5
11542,30510,6
12804,30510,6
10305,30510,6
10025,69934,7
14304,69934,7
11214,69934,7
10018,19466,6
11702,19466,6
11104,19466,6
10025,45978,3
10012,45978,3
11704,45978,3
11357,33067,6
11422,33067,6
11581,33067,6
11581,31343,5
10016,31343,5
12203,31343,5
10305,19028,12
10306,9514,6
10040,37838,18
11360,39294,6
11361,39294,6
11368,39294,6
10009,32987,5
11223,32987,5
11234,32987,5
10001,77956,2
11224,77956,2
10019,77956,2
10128,45543,6
14304,45543,6
11363,45543,6
11224,86491,20
10983,104472,6
10314,104472,6
10305,104472,6
11422,10977,3
11207,10977,3
14564,10977,3
10301,22674,6
10314,45348,12
10019,38653,7
11360,38653,7
11224,38653,7
10023,137566,4
10040,68783,2
11795,90295,6
11217,90295,6
10016,90295,6
10016,44111,6
11581,44111,6
11224,44111,6
11434,550344,24
10463,354520,24
10025,177260,12
11435,82890,7
12550,82890,7
11207,82890,7
11207,126178,9
11742,126178,9
11208,126178,9
11221,49062,9
12508,49062,9
11237,49062,9
11368,60540,16
11207,30270,8
12309,15696,6
10309,15696,6
10314,15696,6
11208,99514,16
11798,49757,8
10025,40839,6
11581,40839,6
10005,40839,6
11224,33842,7
11746,33842,7
11229,33842,7
10461,5382,3
10472,5382,3
10516,5382,3
14220,16647,3
10314,33294,6
11229,87816,5
10010,87816,5
10016,87816,5
11433,3971,3
11436,3971,3
11412,3971,3
10013,118606,6
13607,59303,3
11235,78050,6
11234,39025,3
14305,50710,3
10001,50710,3
10037,50710,3
14305,227104,3
10001,227104,3
11231,227104,3
10025,60428,2
10036,60428,2
10019,60428,2
10001,32875,3
14305,32875,3
10037,32875,3
14304,14610,8
10025,14610,8
11208,14610,8
10035,29480,2
10019,29480,2
10018,29480,2
13207,68292,6
11207,68292,6
14527,68292,6
10035,88358,4
10037,44179,2
11222,191900,20
11375,38780,5
11365,38780,5
11432,38780,5
10039,48754,5
10031,48754,5
10019,48754,5
11704,437,3
12771,437,3
10013,437,3
10013,92306,6
10014,46153,3
11360,4475,3
11214,4475,3
11377,4475,3
10306,118324,9
11363,42068,5
11101,42068,5
11215,42068,5
10457,38769,5
10460,38769,5
14527,38769,5
11722,45235,8
11581,45235,8
11237,45235,8
11229,43561,6
14609,43561,6
11235,43561,6
10025,32405,6
14304,32405,6
11223,32405,6
11235,30558,7
10009,30558,7
11203,30558,7
10017,293846,6
10037,146923,3
10471,119992,12
10025,59996,6
11223,28983,7
10009,28983,7
11236,28983,7
13760,10346,5
12801,10346,5
10472,10346,5
11235,61146,6
10009,61146,6
11229,61146,6
11223,88160,6
11360,88160,6
11209,88160,6
11238,38191,4
11226,38191,4
11755,38191,4
10036,114992,4
10018,57496,2
10461,3910,3
11218,3910,3
10457,3910,3
11229,46497,2
10010,46497,2
10037,46497,2
10039,75282,10
10011,37641,5
11362,61309,20
11720,21033,3
10301,21033,3
10314,21033,3
12305,11523,3
10038,11523,3
12307,11523,3
10452,76712,12
10005,38356,6
10009,78357,2
11223,78357,2
10035,78357,2
10022,284324,14
10037,142162,7
10021,158848,12
11208,79424,6
11412,23315,3
11003,23315,3
11413,23315,3
10029,105652,4
10314,52826,2
11714,44936,6
14608,44936,6
10301,44936,6
10034,41885,6
11598,41885,6
10040,41885,6
11214,81450,14
11224,40725,7
11428,35055,7
11413,35055,7
11362,35055,7
10017,12896,4
12304,6448,2
10005,42780,3
11776,42780,3
10025,42780,3
10452,92918,5
10037,92918,5
10454,92918,5
10019,99974,7
10018,99974,7
11209,99974,7
11360,7166,3
11214,7166,3
12550,7166,3
10011,18177,6
10030,18177,6
10037,18177,6
10035,19463,2
10025,19463,2
10011,19463,2
10306,49553,4
13206,49553,4
11208,49553,4
12308,27278,6
11411,27278,6
11701,27278,6
10451,15541,2
10452,15541,2
10005,15541,2
10018,68126,14
11377,34063,7
11433,145962,12
11422,72981,6
10025,23325,3
10012,23325,3
10035,23325,3
11021,34606,6
11790,34606,6
10306,34606,6
11412,25727,3
11003,25727,3
11413,25727,3
11758,41624,3
11949,41624,3
11563,41624,3
10025,107086,8
11229,51417,6
14609,51417,6
10306,51417,6
11235,92988,18
14608,20951,4
11211,20951,4
10306,20951,4
11203,32884,6
11937,32884,6
11701,32884,6
10305,97658,6
10306,48829,3
12308,50001,3
11411,50001,3
11563,50001,3
10016,166008,6
11217,166008,6
11234,166008,6
10023,146034,6
10025,73017,3
11436,12206,3
14564,12206,3
11422,12206,3
11229,72577,2
10010,72577,2
10314,72577,2
10035,27072,3
10002,54144,6
11214,98559,22
10454,106094,12
10473,53047,6
10451,286263,4
11949,286263,4
10461,286263,4
10025,20747,2
10016,20747,2
10003,20747,2
10021,23169,5
11234,23169,5
11223,23169,5
11581,63039,6
10016,63039,6
11411,63039,6
10003,33378,6
10019,33378,6
11557,33378,6
11209,41421,7
14304,41421,7
10019,41421,7
11360,40319,7
11214,40319,7
11223,40319,7
10021,194410,6
10035,97205,3
12054,51696,3
12308,51696,3
11563,51696,3
11557,50287,3
11580,50287,3
10306,50287,3
14304,19899,6
11223,19899,6
11361,19899,6
11758,22344,3
11949,22344,3
11701,22344,3
11223,29930,6
10009,29930,6
11224,29930,6
12010,45001,8
10312,90002,16
10021,123134,12
10128,61567,6
11746,193232,4
10019,96616,2
11235,18257,6
10009,36514,12
11581,19439,6
10543,19439,6
11223,19439,6
14527,17698,5
10452,17698,5
10459,17698,5
12307,55204,8
11937,55204,8
10302,55204,8
10029,50375,2
11236,50375,2
10037,50375,2
10010,140002,4
10035,70001,2
11580,32166,6
11776,32166,6
10037,32166,6
11378,4502,6
11368,4502,6
12601,4502,6
10461,14274,6
10469,7137,3
11363,25922,6
11373,25922,6
11103,25922,6
12205,169116,12
10463,169116,12
10025,169116,12
11411,66492,5
10314,66492,5
11235,66492,5
11377,48820,6
11101,97640,12
12159,31635,5
10452,31635,5
10456,31635,5
10010,149662,10
11234,74831,5
10009,90723,2
11223,90723,2
10314,90723,2
10023,115030,10
10022,57515,5
10457,45986,10
10528,22993,5
11105,28904,6
11103,28904,6
11378,28904,6
11949,24645,3
11758,24645,3
11581,24645,3
12308,47954,3
11411,47954,3
11235,47954,3
10549,29399,3
11901,29399,3
11798,29399,3
11234,131134,32
11357,37102,8
11434,37102,8
11355,37102,8
11746,58574,12
11223,29287,6
10001,201222,4
10019,100611,2
11949,23295,6
10913,23295,6
10019,23295,6
11422,91387,8
14564,91387,8
11207,91387,8
11581,23677,5
10016,23677,5
10009,23677,5
10001,194572,4
10019,97286,2
10039,22263,5
10032,22263,5
10453,22263,5
11106,30051,6
11368,30051,6
10029,30051,6
10010,164996,4
10037,82498,2
10021,24372,10
11223,12186,5
11373,44952,6
11211,44952,6
11104,44952,6
10032,18822,10
10040,9411,5
11758,21411,6
11949,21411,6
10019,21411,6
14304,75992,16
11798,37996,8
11741,9886,3
14608,9886,3
11206,9886,3
10466,109028,12
11702,54514,6
10032,81230,10
10040,40615,5
10023,147102,6
10040,73551,3
10003,44990,2
10009,44990,2
10016,44990,2
10003,61141,3
10019,61141,3
10025,61141,3
10025,28024,3
10012,28024,3
10019,28024,3
12061,12973,6
10470,12973,6
10467,12973,6
11598,11861,6
12020,11861,6
11776,11861,6
10459,67946,10
11772,33973,5
10452,7465,6
10976,7465,6
10468,7465,6
10306,61015,5
10005,61015,5
11208,61015,5
10016,57410,5
10025,57410,5
10009,57410,5
10002,84184,6
12303,42092,3
10035,188657,8
10025,117359,6
10012,117359,6
10002,117359,6
12912,33996,5
12550,33996,5
10459,33996,5
11360,61152,12
11412,30576,6
10461,54732,6
10468,54732,6
11772,54732,6
11212,36335,7
11411,36335,7
11236,36335,7
10017,14165,5
11203,14165,5
11234,14165,5
10039,86170,10
10040,43085,5
10001,43918,3
11224,43918,3
10018,43918,3
10001,83820,6
14305,83820,6
10016,83820,6
10026,180962,20
10019,90481,10
10025,166998,16
10022,87752,6
10023,87752,6
10025,87752,6
10305,17374,3
11784,17374,3
10314,17374,3
10002,43658,10
11436,29694,14
11433,14847,7
10001,81636,3
11224,81636,3
10019,81636,3
10013,41947,3
10007,41947,3
10025,41947,3
10001,12268,2
11224,12268,2
10025,12268,2
10018,13979,3
11702,13979,3
14303,13979,3
10468,46339,6
10463,92678,12
14905,11492,6
14304,11492,6
11557,11492,6
11963,25995,3
11758,25995,3
10011,25995,3
10461,595520,8
11218,297760,4
11207,318512,20
11411,159256,10
11436,20314,7
11435,20314,7
10603,20314,7
14904,62928,6
11224,62928,6
11235,62928,6
11434,53121,7
11412,53121,7
11422,53121,7
10025,24757,7
14304,24757,7
11360,24757,7
11434,49210,10
12010,24605,5
10019,85833,3
10022,85833,3
10035,85833,3
10027,176234,10
10019,88117,5
11355,35794,5
11433,35794,5
11365,35794,5
11235,51187,2
10009,51187,2
10035,51187,2
11784,6320,4
11710,6320,4
11212,6320,4
10035,125924,4
10314,62962,2
11238,40641,6
11211,40641,6
11237,40641,6
11746,93203,2
11729,93203,2
10019,93203,2
10002,39870,10
11704,19340,2
11411,19340,2
11235,19340,2
10314,175387,12
10463,175387,12
10025,175387,12
11415,18409,2
11362,18409,2
11418,18409,2
11201,40210,6
11795,40210,6
10037,40210,6
11563,41033,7
11207,41033,7
11208,41033,7
11235,33960,6
10009,67920,12
11208,107281,7
10306,107281,7
11411,107281,7
10466,27759,6
10469,27759,6
11702,27759,6
10469,89220,12
10533,44610,6
10025,10213,3
11772,10213,3
12305,10213,3
10309,63962,12
12010,31981,6
14904,47682,6
11226,47682,6
11422,47682,6
11101,26450,6
11422,52900,12
13760,204989,9
10465,204989,9
11357,204989,9
11235,34507,6
12054,34507,6
12304,34507,6
10022,649458,6
10035,324729,3
10528,86222,6
10452,86222,6
10453,86222,6
11423,28438,3
11413,28438,3
11798,28438,3
10014,68499,4
10012,68499,4
10011,68499,4
13692,29889,5
11207,29889,5
10025,29889,5
10017,251714,6
10035,125857,3
11746,62372,14
11234,31186,7
10451,11935,3
11949,11935,3
10457,11935,3
10022,31258,6
11233,31258,6
10528,31258,6
11704,47999,5
10528,47999,5
11422,47999,5
10566,8975,3
10038,17950,6
10468,107686,12
10039,53843,6
11702,9318,3
11219,9318,3
10036,9318,3
10032,30842,12
10040,15421,6
10002,139500,12
13057,69750,6
12466,12928,3
11215,12928,3
12303,12928,3
11237,90772,12
11937,45386,6
11702,8585,3
11219,8585,3
11377,8585,3
11235,91966,12
11234,45983,6
11429,399688,10
11420,399688,10
11411,399688,10
14304,38758,12
10019,19379,6
10036,189334,4
10019,94667,2
10002,59547,3
10003,59547,3
10012,59547,3
10461,2898,3
11218,2898,3
10457,2898,3
10022,134220,4
10037,67110,2
10036,170266,4
10019,85133,2
12428,8371,4
11435,8371,4
12304,8371,4
11229,168668,12
11235,84334,6
10033,111870,12
10025,55935,6
11229,141766,12
11422,70883,6
10035,25340,2
10025,25340,2
10001,25340,2
10023,224168,10
10025,112084,5
14904,80826,6
12054,80826,6
11234,80826,6
10035,63591,5
10019,63591,5
10001,63591,5
11416,141785,12
14304,141785,12
11368,141785,12
11741,49336,6
11211,49336,6
10314,49336,6
10026,12496,6
10037,12496,6
10027,12496,6
10013,83799,3
10019,167598,6
10036,172362,4
10019,86181,2
11580,44744,6
11238,22372,3
10021,229896,6
10314,114948,3
10021,115606,6
10035,57803,3
10022,66480,3
10021,66480,3
10314,66480,3
10022,193942,6
10037,96971,3
10025,65096,10
10036,32548,5
11414,164609,4
11434,164609,4
11422,164609,4
11362,1006,10
10940,503,5
10039,62625,5
10031,62625,5
10025,62625,5
10018,114246,12
11204,57123,6
14608,24185,4
11211,48370,8
10016,21174,6
11755,21174,6
11217,21174,6
10027,51139,5
10037,51139,5
11722,51139,5
11232,85066,6
11762,85066,6
11209,85066,6
